[1,["01uz4g4ZpP05hdGxLRMmxZ@73b7f","01uz4g4ZpP05hdGxLRMmxZ@a08a2","01uz4g4ZpP05hdGxLRMmxZ@b3e38","01uz4g4ZpP05hdGxLRMmxZ@438fe"],["_parent","node","root","data","_mesh","_skeleton","_defaultClip"],[["cc.Node",["_name","_prefab","_children","_parent","_lpos","_lrot","_euler","_components"],2,4,2,1,5,5,5,9],["cc.Node",["_name","_children","_prefab","_lpos","_lrot","_euler","_parent"],2,9,4,5,5,5,1],["cc.Skeleton",["_name","_hash","_joints","_bindposes"],0,12],["cc.Mesh",["_native","_hash","_struct"],1,11],["cc.Prefab",["_name"],2],["cc.Node",["_name","_children","_prefab","_lpos","_lrot","_euler"],2,12,4,5,5,5],["cc.SkeletalAnimation",["node","__prefab","_clips","_defaultClip"],3,1,4,3,6],["cc.CompPrefabInfo",["fileId"],2],["cc.PrefabInfo",["fileId","instance","targetOverrides","nestedPrefabInstanceRoots","root","asset"],-1,1,1],["cc.SkinnedMeshRenderer",["node","__prefab","_materials","bakeSettings","_skinningRoot","_mesh","_skeleton"],3,1,4,3,4,1,6,6],["cc.ModelBakeSettings",[],3]],[[8,0,1,2,3,4,5,5],[0,0,3,1,4,5,6,2],[0,0,3,2,1,4,5,6,2],[1,0,6,1,2,3,4,5,2],[0,0,3,2,1,2],[0,0,3,2,1,4,2],[1,0,1,2,3,4,5,2],[7,0,2],[2,0,1,2,3,4],[3,0,1,2,3],[4,0,2],[0,0,2,7,1,2],[0,0,2,1,4,5,6,2],[0,0,3,7,1,2],[5,0,1,2,3,4,5,2],[6,0,1,2,3,1],[9,0,1,2,3,4,5,6,1],[10,1]],[[[[8,"Skin-0",2125967879,["Rabbit/Hip","Rabbit/Hip/Leg_R","Rabbit/Hip/Leg_R/Hip_R","Rabbit/Hip/Leg_R/Hip_R/Knee_R","Rabbit/Hip/Leg_R/Hip_R/Knee_R/Foot_R","Rabbit/Hip/Leg_R/Hip_R/Knee_R/Foot_R/Toe_R","Rabbit/Hip/Tail0","Rabbit/Hip/Spine","Rabbit/Hip/Spine/Clavicle_R","Rabbit/Hip/Spine/Clavicle_R/Shoulder_R","Rabbit/Hip/Spine/Clavicle_R/Shoulder_R/Elbow_R","Rabbit/Hip/Spine/Clavicle_R/Shoulder_R/Elbow_R/Hand_R","Rabbit/Hip/Spine/Clavicle_R/Shoulder_R/Elbow_R/Hand_R/Index_1_R","Rabbit/Hip/Spine/Clavicle_R/Shoulder_R/Elbow_R/Hand_R/Middle_1_R","Rabbit/Hip/Spine/Clavicle_R/Shoulder_R/Elbow_R/Hand_R/Pinky_1_R","Rabbit/Hip/Spine/Head","Rabbit/Hip/Spine/Head/Ear_R","Rabbit/Hip/Spine/Head/Ear_R/Ear2_R","Rabbit/Hip/Spine/Head/MustacheA1_R","Rabbit/Hip/Spine/Head/MustacheA1_R/MustacheA2_R","Rabbit/Hip/Spine/Head/MustacheB1_R","Rabbit/Hip/Spine/Head/MustacheB1_R/MustacheB2_R","Rabbit/Hip/Spine/Head/MustacheA1_L","Rabbit/Hip/Spine/Head/MustacheA1_L/MustacheA2_L","Rabbit/Hip/Spine/Head/MustacheB1_L","Rabbit/Hip/Spine/Head/MustacheB1_L/MustacheB2_L","Rabbit/Hip/Spine/Head/Ear_L","Rabbit/Hip/Spine/Head/Ear_L/Ear2_L","Rabbit/Hip/Spine/Clavicle_L","Rabbit/Hip/Spine/Clavicle_L/Shoulder_L","Rabbit/Hip/Spine/Clavicle_L/Shoulder_L/Elbow_L","Rabbit/Hip/Spine/Clavicle_L/Shoulder_L/Elbow_L/Hand_L","Rabbit/Hip/Spine/Clavicle_L/Shoulder_L/Elbow_L/Hand_L/Index_1_L","Rabbit/Hip/Spine/Clavicle_L/Shoulder_L/Elbow_L/Hand_L/Middle_1_L","Rabbit/Hip/Spine/Clavicle_L/Shoulder_L/Elbow_L/Hand_L/Pinky_1_L","Rabbit/Hip/Leg_L","Rabbit/Hip/Leg_L/Hip_L","Rabbit/Hip/Leg_L/Hip_L/Knee_L","Rabbit/Hip/Leg_L/Hip_L/Knee_L/Foot_L","Rabbit/Hip/Leg_L/Hip_L/Knee_L/Foot_L/Toe_L"],[[[7,2.832769343193999e-16,-1,0,0,1,2.832769343193999e-16,0,0,0,0,1,0,-0.30583494901657104,0.0022349900100380182,-0.08285808563232422,1],[7,-0.4813857078552246,0.8446184992790222,0.2342805117368698,0,0.48581117391586304,0.03462771326303482,0.8733775615692139,0,0.7295582890510559,0.5342475771903992,-0.4269944131374359,0,-0.7017167210578918,0.5162502527236938,-0.14404048025608063,1],[7,-0.4813857078552246,0.8446184992790222,0.2342805117368698,0,0.48581117391586304,0.03462771326303482,0.8733775615692139,0,0.7295582890510559,0.5342475771903992,-0.4269944131374359,0,-0.6738065481185913,0.5162502527236938,-0.14404048025608063,1],[7,-0.4813857078552246,0.8446184992790222,0.2342805117368698,0,0.48581117391586304,0.03462771326303482,0.8733775615692139,0,0.7295582890510559,0.5342475771903992,-0.4269944131374359,0,-0.3938065469264984,0.5162502527236938,-0.14404048025608063,1],[7,0.5353537797927856,0.8446184992790222,0.00398402102291584,0,-0.047202467918395996,0.03462771326303482,-0.9982849359512329,0,-0.8433079123497009,0.5342475771903992,0.05840615555644035,0,-0.056626368314027786,0.5162502527236938,0.13269801437854767,1],[7,0.5353537797927856,0.8446184992790222,0.00398402102291584,0,-0.047202467918395996,0.03462771326303482,-0.9982849359512329,0,-0.8433079123497009,0.5342475771903992,0.05840615555644035,0,0.6388289332389832,0.5162502527236938,0.13269801437854767,1],[7,4.034960558254067e-17,2.1915620934000434e-16,1,0,0.14243872463703156,0.9898036122322083,-2.2266894761649653e-16,0,-0.9898036122322083,0.14243872463703156,8.72185607166629e-18,0,-0.6618375778198242,-0.5229394435882568,3.5447312403055764e-16,1],[7,2.832769343193999e-16,-1,0,0,1,2.832769343193999e-16,0,0,0,0,1,0,-0.7110975980758667,0.0022349900100380182,-0.08285808563232422,1],[7,1,0,-1.232595164407831e-32,0,0,-1,1.2246468525851679e-16,0,-1.232595164407831e-32,-1.2246468525851679e-16,-1,0,0.10271290689706802,1.1632026433944702,-0.03178226947784424,1],[7,0.8222967982292175,0.5623365640640259,0.087209552526474,0,0.5636423826217651,-0.8259429931640625,0.01119905337691307,0,0.07832776010036469,0.0399460531771183,-0.9961270093917847,0,-0.2980397641658783,1.2048484086990356,-0.007025329861789942,1],[7,0.7069154381752014,0.7068209648132324,-0.025973955169320107,0,0.7045106291770935,-0.7069116830825806,-0.06277456134557724,0,-0.06273166835308075,0.026077380403876305,-0.9976896643638611,0,-0.30436286330223083,1.1685630083084106,0.0007401948678307235,1],[7,0.514234185218811,0.13291461765766144,0.8472879528999329,0,0.7508118152618408,0.4077403247356415,-0.5196435451507568,0,-0.41454172134399414,0.9033722877502441,0.10988014936447144,0,-0.28610268235206604,-0.22784852981567383,1.1131163835525513,1],[7,0.8173965215682983,0.14216069877147675,0.5582591891288757,0,0.46356698870658875,0.4130052626132965,-0.7839211225509644,0,-0.34200674295425415,0.8995648622512817,0.2716880440711975,0,0.32369375228881836,-0.23506394028663635,1.1859668493270874,1],[7,0.6079801917076111,0.2699086368083954,0.7466655373573303,0,0.6816602945327759,0.30471354722976685,-0.6651983857154846,0,-0.4070618748664856,0.9133996963500977,0.0012738003861159086,0,-0.03231121972203255,-0.02596457302570343,1.1567394733428955,1],[7,0.26636263728141785,0.1951863169670105,0.9439032077789307,0,0.9132428765296936,0.2621056139469147,-0.31191039085388184,0,-0.3082829713821411,0.9450941681861877,-0.10843736678361893,0,-0.49005866050720215,-0.07334338873624802,0.9305896162986755,1],[7,-0.0016857224982231855,-0.9999985694885254,0,0,0.9999985694885254,-0.0016857224982231855,0,0,0,0,1,0,-1.2625478506088257,0.004585847724229097,-0.08285808563232422,1],[7,-0.27527832984924316,0.9440571069717407,0.18159842491149902,0,0.9313886761665344,0.3086961805820465,-0.1929294615983963,0,-0.23819516599178314,0.11602941900491714,-0.9642614722251892,0,-3.364734649658203,-0.6903825998306274,0.6943275332450867,1],[7,-0.2913062274456024,0.9440571069717407,0.1545860320329666,0,0.9455186724662781,0.3086961805820465,-0.10344632714986801,0,-0.14537934958934784,0.11602941900491714,-0.982548713684082,0,-4.041969299316406,-0.6903825998306274,0.3112044632434845,1],[7,-0.9072262644767761,0.11372265219688416,0.40497857332229614,0,0.009362645447254181,0.9679816365242004,-0.25084635615348816,0,-0.4205387234687805,-0.2237827479839325,-0.8792431354522705,0,-0.8845634460449219,-1.9125608205795288,1.5792559385299683,1],[7,-0.9072262644767761,0.11372265219688416,0.40497857332229614,0,0.009362645447254181,0.9679816365242004,-0.25084635615348816,0,-0.4205387234687805,-0.2237827479839325,-0.8792431354522705,0,-1.2105987071990967,-1.9125608205795288,1.5792559385299683,1],[7,-0.8347403407096863,-0.31758981943130493,0.44982799887657166,0,-0.3809554874897003,0.9229370951652527,-0.05531780794262886,0,-0.3975945711135864,-0.2175404578447342,-0.8914003968238831,0,0.027113841846585274,-2.1821787357330322,1.1769529581069946,1],[7,-0.8347403407096863,-0.31758981943130493,0.44982799887657166,0,-0.3809554874897003,0.9229370951652527,-0.05531780794262886,0,-0.3975945711135864,-0.2175404578447342,-0.8914003968238831,0,-0.2989214360713959,-2.1821787357330322,1.1769529581069946,1],[7,-0.9072262644767761,0.11372265219688416,0.40497857332229614,0,-0.009362645447254181,-0.9679816365242004,0.25084635615348816,0,0.4205387234687805,0.2237827479839325,0.8792431354522705,0,0.8890246152877808,1.9120051860809326,-1.5812486410140991,1],[7,-0.9072262644767761,0.11372265219688416,0.40497857332229614,0,-0.009362645447254181,-0.9679816365242004,0.25084635615348816,0,0.4205387234687805,0.2237827479839325,0.8792431354522705,0,1.215062141418457,1.9120025634765625,-1.5812485218048096,1],[7,-0.8347403407096863,-0.31758981943130493,0.44982799887657166,0,0.3809554874897003,-0.9229370951652527,0.05531780794262886,0,0.3975945711135864,0.2175404578447342,0.8914003968238831,0,-0.023008326068520546,2.183741569519043,-1.1791660785675049,1],[7,-0.8347403407096863,-0.31758981943130493,0.44982799887657166,0,0.3809554874897003,-0.9229370951652527,0.05531780794262886,0,0.3975945711135864,0.2175404578447342,0.8914003968238831,0,0.30302491784095764,2.1837353706359863,-1.1791634559631348,1],[7,-0.27527832984924316,0.9440571069717407,0.18159842491149902,0,-0.9313886761665344,-0.3086961805820465,0.1929294615983963,0,0.23819516599178314,-0.11602941900491714,0.9642614722251892,0,3.3660871982574463,0.6857421398162842,-0.6952199935913086,1],[7,-0.2913062274456024,0.9440571069717407,0.1545860320329666,0,-0.9455186724662781,-0.3086961805820465,0.10344632714986801,0,0.14537934958934784,-0.11602941900491714,0.982548713684082,0,4.043402194976807,0.6857429146766663,-0.3119640350341797,1],[7,1,2.220446049250313e-16,0,0,-2.220446049250313e-16,1,0,0,0,0,1,0,-0.10718300193548203,-1.1632000207901,0.031782299280166626,1],[7,0.8222967982292175,0.5623365640640259,0.087209552526474,0,-0.5636423826217651,0.8259429931640625,-0.01119905337691307,0,-0.07832776010036469,-0.0399460531771183,0.9961270093917847,0,0.29436302185058594,-1.2073595523834229,0.006635547615587711,1],[7,0.7069154381752014,0.7068209648132324,-0.025973955169320107,0,-0.7045106291770935,0.7069116830825806,0.06277456134557724,0,0.06273166835308075,-0.026077380403876305,0.9976896643638611,0,0.30119988322257996,-1.1717196702957153,-0.0006237931083887815,1],[7,0.514234185218811,0.13291461765766144,0.8472879528999329,0,-0.7508118152618408,-0.4077403247356415,0.5196435451507568,0,0.41454172134399414,-0.9033722877502441,-0.10988014936447144,0,0.2838039696216583,0.22725439071655273,-1.1169037818908691,1],[7,0.8173965215682983,0.14216069877147675,0.5582591891288757,0,-0.46356698870658875,-0.4130052626132965,0.7839211225509644,0,0.34200674295425415,-0.8995648622512817,-0.2716880440711975,0,-0.3273475468158722,0.23442834615707397,-1.1884618997573853,1],[7,0.6079801917076111,0.2699086368083954,0.7466655373573303,0,-0.6816602945327759,-0.30471354722976685,0.6651983857154846,0,0.4070618748664856,-0.9133996963500977,-0.0012738003861159086,0,0.029593270272016525,0.024757955223321915,-1.1600769758224487,1],[7,0.26636263728141785,0.1951863169670105,0.9439032077789307,0,-0.9132428765296936,-0.2621056139469147,0.31191039085388184,0,0.3082829713821411,-0.9450941681861877,0.10843736678361893,0,0.48886799812316895,0.07247088849544525,-0.9348093271255493,1],[7,-0.4813857078552246,0.8446184992790222,0.2342805117368698,0,-0.48581117391586304,-0.03462771326303482,-0.8733775615692139,0,-0.7295582890510559,-0.5342475771903992,0.4269944131374359,0,0.7038682699203491,-0.5200258493423462,0.14299339056015015,1],[7,-0.4813857078552246,0.8446184992790222,0.23428049683570862,0,-0.48581117391586304,-0.03462773561477661,-0.8733775615692139,0,-0.7295582890510559,-0.5342475771903992,0.4269944131374359,0,0.675957977771759,-0.520025372505188,0.14299353957176208,1],[7,-0.4813857078552246,0.844618558883667,0.23428046703338623,0,-0.48581117391586304,-0.0346277616918087,-0.8733775615692139,0,-0.7295582890510559,-0.5342475771903992,0.4269944429397583,0,0.39595821499824524,-0.5200252532958984,0.14299356937408447,1],[7,0.5353537797927856,0.8446184992790222,0.003983920440077782,0,0.047202467918395996,-0.03462759405374527,0.9982849359512329,0,0.8433079123497009,-0.5342475771903992,-0.05840609222650528,0,0.054233115166425705,-0.5200254917144775,-0.13271577656269073,1],[7,0.5353537797927856,0.8446184992790222,0.003983818460255861,0,0.047202467918395996,-0.03462747484445572,0.9982849359512329,0,0.8433079123497009,-0.5342475771903992,-0.058406028896570206,0,-0.6412224173545837,-0.5200257897377014,-0.13271550834178925,1]],8,8,8,8,8,8,8,8,8,8,8,8,8,8,8,8,8,8,8,8,8,8,8,8,8,8,8,8,8,8,8,8,8,8,8,8,8,8,8,8]]],0,0,[],[],[]],[[[9,".bin",481045581,[{"primitives":[{"primitiveMode":7,"jointMapIndex":0,"vertexBundelIndices":[0],"indexView":{"offset":418176,"length":59916,"count":29958,"stride":2}}],"vertexBundles":[{"view":{"offset":0,"length":418176,"count":5808,"stride":72},"attributes":[{"name":"a_position","format":32,"isNormalized":false},{"name":"a_normal","format":32,"isNormalized":false},{"name":"a_texCoord","format":21,"isNormalized":false},{"name":"a_tangent","format":44,"isNormalized":false},{"name":"a_joints","format":42,"isNormalized":false},{"name":"a_weights","format":44,"isNormalized":false}]}],"jointMaps":[[0,2,3,4,5,6,7,9,10,11,12,13,14,15,16,17,18,19,20,21,22,23,24,25,26,27,29,30,31,32,33,34,36,37,38,39]]},"minPosition",8,[1,-1.7268925905227661,0.03160945326089859,-1.2388083934783936],"maxPosition",8,[1,1.7268925905227661,4.375421524047852,1.5349124670028687]]],-1],0,0,[],[],[]],[[[10,"Rabbit_01_Run"],[11,"Rabbit_01_Run",[-3],[[15,-2,[7,"e6oT0VEeVSt6XLh31CiVaZ"],[3],4]],[0,"daj+MCC8ZSoYxM2Cu1ZM8g",null,null,null,-1,0]],[12,"Head",[-4,-5,-6,-7,-8,-9],[0,"2bFXPpvslUP6uUB0Z8MoEt",null,null,null,1,0],[1,0.5514561533927917,-0.00022254459327086806,7.99629182313133e-11],[3,-0.000059474458089306613,0.07056243526124194,0.0008407605700139028,0.997507008654303],[1,-0.013596571339659814,8.092598762366471,0.09562302184734459]],[14,"Hip",[[-10,[1,"Tail0",-11,[0,"a2mJFGQGFWv4ZIjD5DcfXa",null,null,null,1,0],[1,0.30604371428489685,0.0022349900100380182,-0.6634604930877686],[3,0.5347257751519667,0.4626752050716878,-0.4626752050716878,0.5347257751519667],[1,90.00000000000001,81.736452563506,0]],-12,-13],1,4,1,1],[0,"d5b4l3FBRWXbqKCzQJpGt4",null,null,null,1,0],[1,0.0022349900100380182,0.5484135150909424,0.08730408549308777],[3,0.07792722126168808,-0.07792722126168808,0.7027996501040905,0.7027996501040905],[1,90.00000000000006,-90.00000000000006,77.34564936482023]],[2,"Spine",3,[-14,2,-15],[0,"c5ERXQy6lcH6+PX8chkpwq",null,null,null,1,0],[1,0.6757016777992249,0.0010637909872457385,-0.021206267178058624],[3,0.00001578607965835069,0.03911685975460182,0.0021635722545156363,0.9992323003130142],[1,-0.007890641372315911,4.483633419022788,0.24780831723424718]],[6,"Hand_R",[[1,"Index_1_R",-16,[0,"baKqev6vtcPp7VsiVuqSW8",null,null,null,1,0],[1,-0.08715692162513733,0.010858305729925632,-0.09931498020887375],[3,0.0011971615901216195,-0.21187044175759098,-0.005522071718101371,0.9772814279610098],[1,1.6001317902568427e-9,-24.464371516835083,-0.6474860313580013]],[1,"Middle_1_R",-17,[0,"5by4w8aRhR+6rDk/eSGkSD",null,null,null,1,0],[1,-0.12011020630598068,-0.004945521708577871,-0.01050515379756689],[3,0.08585064152913875,-0.058363296361948036,0.0005240600463999049,0.9945969627682716],[1,9.836756955864308,-6.672300626722583,-0.514442557886937]],[1,"Pinky_1_R",-18,[0,"00QA4JrNNRporJZfKceUo8",null,null,null,1,0],[1,-0.10286664962768555,0.0006238992209546268,0.10031889379024506],[3,0.05901588139556453,0.14681503207883753,0.05678127718115506,0.9857679030382719],[1,5.769273167392786,16.567324329649853,7.427708495839381]]],[0,"95v/9yqDxTDarEOO+gl8Mp",null,null,null,1,0],[1,-0.2191706895828247,-7.125877665714597e-9,-1.7526001983014794e-8],[3,0.9453738949650716,-0.0006252970793740078,0.20881423402321764,-0.2503286307864707],[1,-151.59418864463692,-23.373635523912572,-6.069033098883301]],[6,"Hand_L",[[1,"Index_1_L",-19,[0,"db1k1qxpdfE7WYxMmVDYQc",null,null,null,1,0],[1,0.08715702593326569,-0.010858185589313507,0.0993146300315857],[3,0.0011971615901216195,-0.21187044175759098,-0.005522071718101371,0.9772814279610098],[1,1.6001317902568427e-9,-24.464371516835083,-0.6474860313580013]],[1,"Middle_1_L",-20,[0,"7e5L9hkLBRpbbWW+zOBOtf",null,null,null,1,0],[1,0.1201104149222374,0.004945661406964064,0.01050501223653555],[3,0.08585064149183623,-0.05836330378716953,0.0005240594058879255,0.9945969623361144],[1,9.83675694356599,-6.672301469694723,-0.5144427037175271]],[1,"Pinky_1_L",-21,[0,"0aFVAbB9RRDYfhArXDoiin",null,null,null,1,0],[1,0.10286671668291092,-0.000623934727627784,-0.10031849145889282],[3,0.05901588153715785,0.1468150175299209,0.05678127359209671,0.9857679054033667],[1,5.769273350514772,16.567322647924506,7.427708005684611]]],[0,"71ERb0u6taW65xwZ/rYQq2",null,null,null,1,0],[1,0.21966387331485748,-0.002127810148522258,-0.002240570727735758],[3,0.9453738979024406,-0.000625304240859198,0.2088142197708626,-0.25032863156426627],[1,-151.59418862440947,-23.37363370212796,-6.069033486860115]],[4,"Rabbit",1,[-22,3],[0,"51vjtkUSJUE7W5hgVLKmW2",null,null,null,1,0]],[4,"mesh",7,[-23],[0,"c17jLEIvZVL7+JJZdElJWE",null,null,null,1,0]],[13,"chr001_mdl",8,[[16,-24,[7,"24Isb44mlYqJlQUBJ+U9vc"],[0],[17],1,1,2]],[0,"28D/Tn7TVb6K5Z4dFx29z8",null,null,null,1,0]],[2,"Leg_R",3,[-25],[0,"f26DHjXZlRRIBjlAxXMEeG",null,null,null,1,0],[1,0.1429920345544815,0.7423200607299805,0.09177521616220474],[3,0.8302746875175949,0.15537430091490767,0.48265226884796836,0.23140777268422166],[1,164.49703543822253,-56.34044285267713,28.775941557342264]],[2,"Hip_R",10,[-26],[0,"8bXbxFt7NYyq7YgEm6nJE1",null,null,null,1,0],[1,-0.027910159900784492,-6.970779422438289e-12,8.655142574864882e-11],[3,0.07967709161970706,0.014947934370904133,-0.006335987368721964,0.9966885047963236],[1,9.150264934803827,1.7654564724234993,-0.5871771789968897]],[5,"Knee_R",11,[-27],[0,"4cZ7kQnrtZn7KCTwptZ5b7",null,null,null,1,0],[1,-0.2800000011920929,-7.105427198782324e-17,2.945742538784657e-9]],[3,"Foot_R",12,[[1,"Toe_R",-28,[0,"2d2AgY3cJTW6Xebd8hZopE",null,null,null,1,0],[1,-0.6879388689994812,-0.004499606788158417,-0.026396527886390686],[3,0.007125826444806267,-0.2864458219625248,0.050858668214274365,0.956719086014888],[1,2.4620953198238666,-33.45089577826495,5.349603207329756]]],[0,"4b9BUyzptaqa1Ao8Y4R2PM",null,null,null,1,0],[1,-0.38558152318000793,1.9344696677858764e-10,6.750403791500048e-9],[3,0.000833292588641402,0.9171443962917807,0.00019527138917842655,-0.39855416676172306],[1,-0.058579762401860934,-133.02429449346604,0.07865835253392306]],[2,"Clavicle_R",4,[-29],[0,"ecf+ed6wxczKeIHk8mNG2q",null,null,null,1,0],[1,0.45210501551628113,0.10494789481163025,-0.11464035511016846],[3,-0.7071067811865476,0.7071067811865476,2.798364088382459e-10,-2.798363255715176e-10],[1,0,180.00000004534945,-90]],[2,"Shoulder_R",14,[-30],[0,"beJlb1xr1VCb6wvyL6paG5",null,null,null,1,0],[1,-0.32912757992744446,-2.0013488088999054e-10,1.1536950283996816e-9],[3,0.10063468464235105,0.12454354514711101,-0.2378561598321518,0.9580114888867596],[1,16.218068190104187,18.508780418275418,-25.510155269143755]],[2,"Elbow_R",15,[5],[0,"61HTyC8U1fWZINoN+yEDse",null,null,null,1,0],[1,-0.21741195023059845,-0.00005767642869614065,0.000057899203966371715],[3,0.007467335747527795,-0.15908587387581577,-0.1710366352626022,0.9723077666192166],[1,-2.426875635025942,-19.003057206322637,-19.571102418780622]],[3,"Ear_R",2,[[1,"Ear2_R",-31,[0,"0b4BZSZQ5W0ofhKvcsoaik",null,null,null,1,0],[1,0.629295289516449,7.896788112304876e-9,1.4250082225331084e-9],[3,-0.017110628688535835,0.3445627327163746,0.061384646941355134,0.9365979258618891],[1,-4.286994047293109,40.617774314332806,5.92313065894465]]],[0,"5fk/xX1JNXO5vmOoWDKWbx",null,null,null,1,0],[1,2.2190728187561035,0.3992840647697449,-0.1347036361694336],[3,0.9476841455422592,0.09002277033979168,-0.2965263055459314,0.07656899651600502],[1,168.45780647424044,35.47730295635355,7.193279402411267]],[3,"MustacheA1_R",2,[[1,"MustacheA2_R",-32,[0,"c3AHXDDA9eToei+i8nL7if",null,null,null,1,0],[1,0.3260352909564972,-2.0444210768744142e-9,-3.076042309757554e-9],[3,-0.25604655834591905,0.17395229295148723,0.06807573005641251,0.9484442285729912],[1,-30.64948835827455,21.415102610655754,2.2954414447399234]]],[0,"80flDNI81fZJyMuKeXRqmR",null,null,null,1,0],[1,0.9952694773674011,1.2253440618515015,0.5057005286216736],[3,0.9170559684627392,0.23696746035277005,-0.31914839287477514,-0.031608175623947105],[1,173.98769161434302,39.824802357762046,27.052082352741028]],[3,"MustacheB1_R",2,[[1,"MustacheB2_R",-33,[0,"e2YTdmVv9YNr+WAdodWyAd",null,null,null,1,0],[1,0.3260352909564972,-1.827723639102885e-9,-1.2075775934761168e-9],[3,-0.4275482379162018,0.1547275811385883,0.0807470545799345,0.8869846633772297],[1,-51.581412121765446,20.0932494121695,0.6265870279381794]]],[0,"30PNNTl/dbZ5Rn+CtHo+V+",null,null,null,1,0],[1,0.8289211392402649,1.2008930444717407,0.5023464560508728],[3,0.8991701166939287,0.25938025578610585,-0.3418992222607966,-0.08555644902883348],[1,178.41755595503483,42.086263656142954,31.66536986536103]],[3,"MustacheA1_L",2,[[1,"MustacheA2_L",-34,[0,"790un6q+tfzIF6QUBOcrxM",null,null,null,1,0],[1,-0.3252592980861664,0.0007354191620834172,0.0009999392786994576],[3,-0.2531742452860813,0.1739536970363002,0.0695356875461843,0.9491088983718916],[1,-30.348561792617826,21.454615517306873,2.516820988256817]]],[0,"1fhQLkgbNTmqfkx0yss5FX",null,null,null,1,0],[1,0.9951833486557007,-1.2264355421066284,0.5048201680183411],[3,0.3195123727965529,0.0239645228225792,0.9188548486042408,0.23031133813227783],[1,173.41023441186658,-140.1282364315063,26.011995052996273]],[3,"MustacheB1_L",2,[[1,"MustacheB2_L",-35,[0,"d55t3PK/FYS6dCJ8qoYwhZ",null,null,null,1,0],[1,-0.3248956799507141,0.0022590262815356255,0.0016425993526354432],[3,-0.42557371657764975,0.15481840436058486,0.08226502879090923,0.8877785413421297],[1,-51.36897232913468,20.178366270939158,0.8189545742000144]]],[0,"e8r/NgLN1TebzyiruAcN+c",null,null,null,1,0],[1,0.8295373320579529,-1.1997963190078735,0.5011613368988037],[3,0.34145984759015424,0.08718894602173279,0.8945781773360512,0.27483293981878604],[1,177.82295412150097,-137.5620331230687,33.4536448336108]],[3,"Ear_L",2,[[1,"Ear2_L",-36,[0,"b21vSdbLtWE76iQNQTnb5p",null,null,null,1,0],[1,-0.6291400790214539,-0.00013222460984252393,0.0006562251946888864],[3,-0.018200513414660807,0.3443122589229524,0.06278470310086143,0.9365766870488252],[1,-4.459698969917805,40.604793489266115,6.031318183443704]]],[0,"e1JXmDC9xaCI7pp1MMyr3I",null,null,null,1,0],[1,2.2182562351226807,-0.40671128034591675,-0.13517874479293823],[3,0.29620164996401793,-0.07751987224609944,0.9472587224893514,0.09463701513352933],[1,168.1848305881299,-144.4775263280862,7.6642857125890105]],[2,"Clavicle_L",4,[-37],[0,"8e+eNXs4ZcHbGNrPoi478m",null,null,null,1,0],[1,0.452102392911911,-0.1049480065703392,-0.11464038491249084],[3,7.83373726527076e-11,7.833744898054185e-11,-0.7071067811865476,0.7071067811865476],[1,0,-1.2695114657540183e-8,-90]],[2,"Shoulder_L",23,[-38],[0,"33/dKBQrxUNLX0eqIkux4W",null,null,null,1,0],[1,0.3290858864784241,0.0004970939480699599,-0.00034814325044862926],[3,0.10063469201747693,0.12454354505372989,-0.23785615965381035,0.9580114881684552],[1,16.218069086907335,18.508780601427272,-25.510155110325467]],[2,"Elbow_L",24,[6],[0,"4fb3LOYsNV3ZLMgUY6m4fA",null,null,null,1,0],[1,0.2176317721605301,-0.00054599141003564,0.0006298748194240034],[3,0.0074673348162571295,-0.15908587387692216,-0.17103663526379173,0.9723077666259786],[1,-2.4268757450202263,-19.003057224914805,-19.571102401045017]],[2,"Leg_L",3,[-39],[0,"c9CEzonU5VqblME/OTy9+6",null,null,null,1,0],[1,0.1429920494556427,-0.7423200011253357,0.09177491813898087],[3,-0.4826522671836653,-0.23140778678743193,0.8302746846546046,0.15537430037913905],[1,164.49703375909803,123.65955769032038,28.775942280594432]],[2,"Hip_L",26,[-40],[0,"01rE4k3JBWRYRiJqPOnsqN",null,null,null,1,0],[1,0.027998223900794983,-0.00019309755589347333,0.0006512675900012255],[3,0.07967707682758729,0.014947932528715875,-0.006335963163005601,0.9966885061603374],[1,9.150263188268072,1.7654560315222916,-0.5871744574161633]],[5,"Knee_L",27,[-41],[0,"92V5YlUYZf6YHUvoNfm3qI",null,null,null,1,0],[1,0.2799997627735138,-1.2419890538239997e-7,-2.266540910511594e-8]],[3,"Foot_L",28,[[1,"Toe_L",-42,[0,"a8b6dtcOlbpbjybSMJup89",null,null,null,1,0],[1,0.6871414184570312,0.004702395759522915,0.02764849178493023],[3,0.007125859938313827,-0.2864458205915849,0.05085875737782835,0.9567190814359963],[1,2.4621019766921717,-33.45089627651058,5.349611895378219]]],[0,"f76JDEaIRVbLSbXFvXrQwk",null,null,null,1,0],[1,0.3860935866832733,0.000003512998091537156,0.0006893668905831873],[3,0.0008332505045431856,0.9171443963354105,0.00019520734621029205,-0.3985541667806828],[1,-0.05857110964518406,-133.02429450017118,0.07865685452628915]]],0,[0,2,1,0,1,1,0,-1,7,0,-1,17,0,-2,18,0,-3,19,0,-4,20,0,-5,21,0,-6,22,0,-1,10,0,0,3,0,-3,4,0,-4,26,0,-1,14,0,-3,23,0,0,5,0,0,5,0,0,5,0,0,6,0,0,6,0,0,6,0,-1,8,0,-1,9,0,1,9,0,-1,11,0,-1,12,0,-1,13,0,0,13,0,-1,15,0,-1,16,0,0,17,0,0,18,0,0,19,0,0,20,0,0,21,0,0,22,0,-1,24,0,-1,25,0,-1,27,0,-1,28,0,-1,29,0,0,29,0,3,1,2,0,4,3,0,7,5,0,16,6,0,25,42],[0,0,0,0,0],[-1,4,5,-1,6],[1,2,3,0,0]]]]
